0.000213 0.000426 0.000640 0.000856 0.001074 0.001294 0.001516 0.001742 0.001972 0.002206 0.002444 0.002687 0.002936 0.003191 0.003452 0.003719 0.003994 0.004276 0.004565 0.004863 0.005169 0.005484 0.005809 0.006142 0.006485 0.006839 0.007202 0.007576 0.007961 0.008357 0.008765 0.009184 0.009614 0.010057 0.010512 0.010980 0.011460 0.011953 0.012459 0.012978 0.013510 0.014056 0.014616 0.015190 0.015778 0.016380 0.016996 0.017627 0.018272 0.018933 
0.000426 0.000852 0.001280 0.001712 0.002146 0.002586 0.003031 0.003483 0.003942 0.004410 0.004886 0.005373 0.005870 0.006380 0.006901 0.007436 0.007985 0.008549 0.009128 0.009724 0.010336 0.010966 0.011615 0.012282 0.012968 0.013675 0.014402 0.015150 0.015920 0.016712 0.017527 0.018365 0.019227 0.020112 0.021023 0.021958 0.022918 0.023904 0.024916 0.025954 0.027020 0.028112 0.029232 0.030379 0.031555 0.032759 0.033992 0.035253 0.036545 0.037865 
0.000638 0.001277 0.001919 0.002566 0.003218 0.003877 0.004544 0.005221 0.005910 0.006611 0.007325 0.008055 0.008801 0.009564 0.010347 0.011149 0.011972 0.012818 0.013686 0.014580 0.015498 0.016443 0.017416 0.018416 0.019446 0.020506 0.021597 0.022719 0.023874 0.025063 0.026285 0.027542 0.028835 0.030164 0.031529 0.032932 0.034372 0.035852 0.037370 0.038928 0.040526 0.042165 0.043845 0.045567 0.047330 0.049137 0.050986 0.052879 0.054816 0.056797 
0.000850 0.001701 0.002557 0.003418 0.004286 0.005164 0.006053 0.006956 0.007873 0.008807 0.009759 0.010731 0.011725 0.012743 0.013785 0.014855 0.015952 0.017079 0.018237 0.019428 0.020653 0.021912 0.023209 0.024543 0.025916 0.027329 0.028784 0.030281 0.031821 0.033406 0.035036 0.036713 0.038437 0.040209 0.042030 0.043900 0.045822 0.047795 0.049820 0.051897 0.054029 0.056215 0.058455 0.060751 0.063104 0.065513 0.067979 0.070504 0.073087 0.075729 
0.001061 0.002124 0.003192 0.004267 0.005351 0.006448 0.007558 0.008685 0.009830 0.010996 0.012185 0.013400 0.014642 0.015913 0.017215 0.018551 0.019922 0.021331 0.022778 0.024266 0.025797 0.027371 0.028992 0.030659 0.032376 0.034143 0.035961 0.037832 0.039758 0.041740 0.043778 0.045874 0.048029 0.050245 0.052522 0.054861 0.057264 0.059730 0.062263 0.064861 0.067526 0.070259 0.073061 0.075932 0.078873 0.081886 0.084970 0.088127 0.091357 0.094661 
0.001271 0.002545 0.003824 0.005112 0.006412 0.007726 0.009056 0.010407 0.011780 0.013177 0.014603 0.016059 0.017548 0.019072 0.020634 0.022236 0.023881 0.025570 0.027306 0.029092 0.030928 0.032817 0.034761 0.036763 0.038822 0.040943 0.043125 0.045371 0.047683 0.050061 0.052507 0.055024 0.057611 0.060270 0.063004 0.065812 0.068696 0.071658 0.074697 0.077817 0.081016 0.084297 0.087661 0.091108 0.094639 0.098255 0.101958 0.105747 0.109625 0.113591 
0.001480 0.002964 0.004454 0.005954 0.007467 0.008998 0.010548 0.012121 0.013720 0.015349 0.017010 0.018707 0.020442 0.022219 0.024040 0.025908 0.027825 0.029795 0.031820 0.033902 0.036043 0.038247 0.040515 0.042850 0.045253 0.047727 0.050274 0.052895 0.055592 0.058367 0.061223 0.064159 0.067179 0.070283 0.073473 0.076751 0.080118 0.083574 0.087122 0.090763 0.094498 0.098328 0.102254 0.106277 0.110399 0.114620 0.118942 0.123365 0.127891 0.132521 
0.001688 0.003380 0.005079 0.006790 0.008517 0.010262 0.012030 0.013825 0.015650 0.017509 0.019405 0.021341 0.023322 0.025350 0.027429 0.029562 0.031752 0.034002 0.036315 0.038693 0.041140 0.043659 0.046250 0.048919 0.051665 0.054493 0.057404 0.060400 0.063483 0.066656 0.069921 0.073278 0.076731 0.080280 0.083928 0.087676 0.091526 0.095478 0.099536 0.103699 0.107970 0.112349 0.116839 0.121440 0.126153 0.130980 0.135922 0.140980 0.146156 0.151450 
0.001894 0.003793 0.005700 0.007621 0.009559 0.011518 0.013503 0.015518 0.017567 0.019655 0.021784 0.023960 0.026185 0.028464 0.030801 0.033198 0.035660 0.038189 0.040790 0.043464 0.046216 0.049049 0.051964 0.054965 0.058056 0.061237 0.064512 0.067884 0.071354 0.074925 0.078599 0.082378 0.086264 0.090260 0.094366 0.098585 0.102918 0.107368 0.111935 0.116622 0.121430 0.126360 0.131415 0.136594 0.141900 0.147334 0.152898 0.158592 0.164418 0.170377 
0.002099 0.004203 0.006317 0.008445 0.010592 0.012764 0.014965 0.017199 0.019471 0.021785 0.024147 0.026560 0.029029 0.031558 0.034151 0.036812 0.039545 0.042353 0.045241 0.048211 0.051268 0.054414 0.057653 0.060988 0.064422 0.067957 0.071597 0.075344 0.079202 0.083171 0.087255 0.091457 0.095777 0.100219 0.104784 0.109475 0.114294 0.119241 0.124320 0.129531 0.134877 0.140360 0.145980 0.151739 0.157639 0.163681 0.169868 0.176199 0.182677 0.189303 
0.002302 0.004609 0.006927 0.009261 0.011617 0.013999 0.016413 0.018865 0.021358 0.023899 0.026491 0.029141 0.031852 0.034630 0.037478 0.040402 0.043405 0.046491 0.049665 0.052931 0.056292 0.059752 0.063314 0.066982 0.070760 0.074649 0.078655 0.082778 0.087023 0.091391 0.095886 0.100510 0.105266 0.110155 0.115181 0.120345 0.125649 0.131096 0.136687 0.142424 0.148310 0.154346 0.160533 0.166873 0.173369 0.180021 0.186831 0.193802 0.200933 0.208228 
0.002503 0.005011 0.007531 0.010069 0.012631 0.015222 0.017848 0.020514 0.023227 0.025992 0.028814 0.031699 0.034651 0.037676 0.040779 0.043964 0.047236 0.050600 0.054060 0.057621 0.061286 0.065059 0.068944 0.072946 0.077067 0.081311 0.085682 0.090182 0.094814 0.099583 0.104489 0.109537 0.114729 0.120067 0.125554 0.131192 0.136983 0.142930 0.149035 0.155300 0.161726 0.168317 0.175073 0.181996 0.189089 0.196352 0.203789 0.211399 0.219186 0.227150 
0.002701 0.005408 0.008128 0.010868 0.013633 0.016431 0.019266 0.022146 0.025077 0.028064 0.031114 0.034232 0.037424 0.040695 0.044051 0.047496 0.051037 0.054678 0.058423 0.062277 0.066246 0.070332 0.074541 0.078875 0.083340 0.087939 0.092675 0.097552 0.102574 0.107742 0.113061 0.118534 0.124163 0.129950 0.135900 0.142013 0.148293 0.154742 0.161362 0.168156 0.175125 0.182272 0.189598 0.197106 0.204797 0.212674 0.220738 0.228991 0.237435 0.246071 
0.002897 0.005800 0.008718 0.011656 0.014623 0.017624 0.020667 0.023759 0.026905 0.030113 0.033388 0.036737 0.040167 0.043683 0.047290 0.050995 0.054803 0.058719 0.062749 0.066897 0.071168 0.075568 0.080099 0.084767 0.089576 0.094530 0.099632 0.104887 0.110297 0.115867 0.121600 0.127498 0.133565 0.139803 0.146216 0.152806 0.159576 0.166529 0.173666 0.180990 0.188503 0.196208 0.204107 0.212202 0.220494 0.228986 0.237680 0.246577 0.255680 0.264990 
0.003089 0.006186 0.009299 0.012433 0.015599 0.018801 0.022049 0.025349 0.028709 0.032134 0.035633 0.039212 0.042878 0.046636 0.050494 0.054457 0.058531 0.062722 0.067036 0.071477 0.076050 0.080762 0.085616 0.090618 0.095771 0.101080 0.106549 0.112181 0.117982 0.123954 0.130101 0.136425 0.142932 0.149622 0.156501 0.163569 0.170831 0.178288 0.185944 0.193801 0.201860 0.210126 0.218599 0.227282 0.236177 0.245286 0.254612 0.264156 0.273920 0.283907 
0.003279 0.006566 0.009870 0.013198 0.016559 0.019960 0.023410 0.026916 0.030486 0.034127 0.037848 0.041654 0.045554 0.049553 0.053660 0.057879 0.062218 0.066683 0.071279 0.076012 0.080888 0.085912 0.091088 0.096423 0.101920 0.107585 0.113421 0.119433 0.125624 0.131999 0.138561 0.145314 0.152261 0.159405 0.166750 0.174299 0.182054 0.190019 0.198195 0.206586 0.215194 0.224022 0.233071 0.242345 0.251846 0.261575 0.271535 0.281728 0.292156 0.302821 
0.003465 0.006939 0.010431 0.013949 0.017502 0.021099 0.024747 0.028456 0.032234 0.036089 0.040028 0.044060 0.048191 0.052430 0.056783 0.061258 0.065860 0.070597 0.075475 0.080500 0.085677 0.091012 0.096512 0.102180 0.108022 0.114042 0.120246 0.126637 0.133220 0.139999 0.146978 0.154160 0.161549 0.169149 0.176962 0.184993 0.193243 0.201717 0.210416 0.219344 0.228502 0.237895 0.247523 0.257391 0.267499 0.277850 0.288447 0.299292 0.310386 0.321733 
0.003648 0.007305 0.010981 0.014685 0.018427 0.022215 0.026060 0.029969 0.033951 0.038016 0.042171 0.046425 0.050787 0.055262 0.059861 0.064589 0.069453 0.074461 0.079620 0.084935 0.090413 0.096060 0.101882 0.107883 0.114070 0.120447 0.127019 0.133790 0.140766 0.147950 0.155347 0.162960 0.170793 0.178850 0.187134 0.195648 0.204396 0.213381 0.222605 0.232071 0.241783 0.251743 0.261953 0.272416 0.283135 0.294111 0.305348 0.316847 0.328611 0.340641 
0.003826 0.007662 0.011519 0.015405 0.019332 0.023308 0.027344 0.031450 0.035634 0.039906 0.044274 0.048748 0.053337 0.058047 0.062889 0.067868 0.072993 0.078271 0.083710 0.089315 0.095093 0.101051 0.107195 0.113530 0.120061 0.126795 0.133736 0.140889 0.148259 0.155849 0.163665 0.171711 0.179989 0.188505 0.197261 0.206261 0.215509 0.225007 0.234759 0.244767 0.255035 0.265565 0.276359 0.287421 0.298753 0.310358 0.322237 0.334393 0.346829 0.359547 
0.004000 0.008011 0.012043 0.016107 0.020215 0.024375 0.028599 0.032898 0.037279 0.041755 0.046334 0.051025 0.055838 0.060781 0.065863 0.071092 0.076476 0.082022 0.087739 0.093633 0.099711 0.105980 0.112446 0.119114 0.125991 0.133083 0.140393 0.147929 0.155693 0.163692 0.171929 0.180408 0.189134 0.198111 0.207341 0.216830 0.226580 0.236594 0.246876 0.257429 0.268255 0.279358 0.290740 0.302403 0.314352 0.326587 0.339112 0.351929 0.365041 0.378449 
0.004169 0.008349 0.012553 0.016790 0.021074 0.025414 0.029822 0.034309 0.038885 0.043560 0.048346 0.053251 0.058285 0.063458 0.068778 0.074255 0.079896 0.085710 0.091704 0.097886 0.104263 0.110842 0.117630 0.124632 0.131855 0.139305 0.146986 0.154905 0.163065 0.171473 0.180133 0.189048 0.198224 0.207664 0.217371 0.227351 0.237605 0.248138 0.258953 0.270053 0.281441 0.293120 0.305092 0.317361 0.329930 0.342800 0.355974 0.369455 0.383246 0.397348 
0.004333 0.008678 0.013047 0.017453 0.021907 0.026422 0.031010 0.035680 0.040446 0.045318 0.050306 0.055422 0.060675 0.066075 0.071631 0.077353 0.083249 0.089329 0.095599 0.102068 0.108744 0.115633 0.122742 0.130079 0.137648 0.145456 0.153509 0.161812 0.170371 0.179190 0.188274 0.197627 0.207254 0.217160 0.227347 0.237820 0.248582 0.259637 0.270988 0.282638 0.294591 0.306849 0.319416 0.332294 0.345485 0.358994 0.372821 0.386970 0.401443 0.416243 
0.004491 0.008994 0.013524 0.018093 0.022713 0.027397 0.032159 0.037009 0.041960 0.047024 0.052212 0.057534 0.063002 0.068626 0.074416 0.080381 0.086531 0.092874 0.099419 0.106175 0.113148 0.120347 0.127778 0.135448 0.143364 0.151532 0.159958 0.168647 0.177605 0.186837 0.196347 0.206141 0.216222 0.226595 0.237265 0.248234 0.259507 0.271087 0.282977 0.295182 0.307703 0.320544 0.333708 0.347199 0.361017 0.375168 0.389652 0.404473 0.419633 0.435134 
0.004642 0.009299 0.013983 0.018708 0.023488 0.028337 0.033267 0.038292 0.043423 0.048674 0.054057 0.059582 0.065262 0.071107 0.077127 0.083333 0.089734 0.096340 0.103158 0.110199 0.117469 0.124977 0.132730 0.140735 0.148999 0.157528 0.166327 0.175404 0.184763 0.194409 0.204348 0.214584 0.225122 0.235967 0.247121 0.258590 0.270377 0.282485 0.294918 0.307680 0.320774 0.334202 0.347968 0.362074 0.376524 0.391321 0.406466 0.421963 0.437813 0.454021 
0.004787 0.009590 0.014421 0.019297 0.024231 0.029237 0.034330 0.039524 0.044831 0.050264 0.055837 0.061562 0.067449 0.073512 0.079760 0.086204 0.092854 0.099720 0.106811 0.114136 0.121703 0.129520 0.137595 0.145935 0.154546 0.163437 0.172612 0.182077 0.191839 0.201902 0.212272 0.222954 0.233951 0.245269 0.256912 0.268883 0.281188 0.293828 0.306808 0.320131 0.333801 0.347820 0.362192 0.376919 0.392004 0.407451 0.423262 0.439439 0.455985 0.472904 
0.004925 0.009866 0.014838 0.019857 0.024937 0.030095 0.035345 0.040701 0.046178 0.051789 0.057548 0.063467 0.069558 0.075835 0.082307 0.088987 0.095884 0.103008 0.110370 0.117978 0.125841 0.133967 0.142364 0.151039 0.160000 0.169253 0.178805 0.188661 0.198828 0.209311 0.220114 0.231243 0.242703 0.254499 0.266633 0.279111 0.291936 0.305112 0.318643 0.332532 0.346782 0.361396 0.376378 0.391730 0.407456 0.423558 0.440039 0.456901 0.474148 0.491781 
0.005055 0.010126 0.015231 0.020385 0.025605 0.030908 0.036307 0.041820 0.047461 0.053243 0.059182 0.065291 0.071582 0.078069 0.084763 0.091675 0.098817 0.106198 0.113829 0.121719 0.129878 0.138313 0.147032 0.156043 0.165354 0.174972 0.184902 0.195151 0.205725 0.216629 0.227868 0.239449 0.251375 0.263650 0.276280 0.289268 0.302618 0.316334 0.330420 0.344879 0.359714 0.374928 0.390525 0.406507 0.422878 0.439640 0.456796 0.474348 0.492300 0.510654 
0.005176 0.010369 0.015598 0.020880 0.026232 0.031670 0.037213 0.042875 0.048673 0.054621 0.060735 0.067029 0.073515 0.080208 0.087120 0.094262 0.101646 0.109282 0.117181 0.125353 0.133806 0.142549 0.151591 0.160940 0.170602 0.180585 0.190895 0.201539 0.212522 0.223851 0.235530 0.247565 0.259960 0.272719 0.285848 0.299351 0.313230 0.327491 0.342136 0.357169 0.372594 0.388413 0.404630 0.421247 0.438268 0.455695 0.473531 0.491779 0.510441 0.529521 
0.005287 0.010594 0.015938 0.021338 0.026812 0.032379 0.038056 0.043861 0.049809 0.055916 0.062199 0.068672 0.075350 0.082245 0.089371 0.096739 0.104363 0.112252 0.120418 0.128870 0.137618 0.146670 0.156035 0.165721 0.175736 0.186086 0.196779 0.207820 0.219216 0.230972 0.243093 0.255585 0.268453 0.281701 0.295333 0.309354 0.323768 0.338577 0.353787 0.369399 0.385419 0.401848 0.418690 0.435948 0.453624 0.471722 0.490244 0.509193 0.528572 0.548382 
0.005389 0.010798 0.016246 0.021755 0.027343 0.033029 0.038833 0.044771 0.050862 0.057122 0.063568 0.070215 0.077078 0.084171 0.091507 0.099100 0.106960 0.115101 0.123532 0.132263 0.141305 0.150666 0.160355 0.170380 0.180749 0.191468 0.202545 0.213986 0.225797 0.237984 0.250551 0.263505 0.276850 0.290590 0.304730 0.319274 0.334226 0.349590 0.365369 0.381567 0.398186 0.415231 0.432703 0.450607 0.468945 0.487720 0.506933 0.526589 0.546690 0.567238 
0.005479 0.010979 0.016522 0.022129 0.027820 0.033616 0.039536 0.045600 0.051826 0.058231 0.064833 0.071648 0.078691 0.085978 0.093521 0.101334 0.109429 0.117818 0.126513 0.135524 0.144859 0.154530 0.164543 0.174909 0.185633 0.196724 0.208188 0.220032 0.232261 0.244881 0.257899 0.271318 0.285144 0.299381 0.314034 0.329106 0.344602 0.360525 0.376879 0.393667 0.410892 0.428558 0.446668 0.465223 0.484229 0.503686 0.523598 0.543967 0.564796 0.586087 
0.005557 0.011136 0.016762 0.022455 0.028238 0.034133 0.040160 0.046340 0.052692 0.059235 0.065986 0.072963 0.080181 0.087656 0.095402 0.103432 0.111759 0.120396 0.129354 0.138642 0.148272 0.158252 0.168591 0.179298 0.190380 0.201845 0.213698 0.225948 0.238599 0.251658 0.265129 0.279018 0.293330 0.308069 0.323239 0.338845 0.354890 0.371378 0.388312 0.405696 0.423534 0.441827 0.460579 0.479794 0.499473 0.519619 0.540235 0.561324 0.582888 0.604930 
0.005621 0.011267 0.016962 0.022729 0.028592 0.034575 0.040698 0.046984 0.053454 0.060125 0.067018 0.074150 0.081537 0.089196 0.097140 0.105384 0.113941 0.122824 0.132043 0.141609 0.151533 0.161823 0.172489 0.183540 0.194981 0.206822 0.219069 0.231728 0.244804 0.258305 0.272235 0.286598 0.301401 0.316647 0.332340 0.348485 0.365085 0.382144 0.399665 0.417652 0.436107 0.455035 0.474437 0.494316 0.514675 0.535518 0.556845 0.578661 0.600967 0.623765 
0.005671 0.011368 0.017118 0.022945 0.028876 0.034933 0.041142 0.047524 0.054100 0.060892 0.067919 0.075199 0.082749 0.090586 0.098725 0.107180 0.115964 0.125090 0.134570 0.144413 0.154632 0.165234 0.176228 0.187624 0.199428 0.211648 0.224291 0.237362 0.250869 0.264816 0.279209 0.294052 0.309351 0.325109 0.341331 0.358021 0.375182 0.392819 0.410933 0.429529 0.448610 0.468178 0.488236 0.508788 0.529835 0.551380 0.573426 0.595976 0.619031 0.642593 
0.005705 0.011438 0.017227 0.023099 0.029082 0.035202 0.041482 0.047948 0.054622 0.061525 0.068677 0.076098 0.083806 0.091816 0.100145 0.108807 0.117816 0.127185 0.136924 0.147045 0.157558 0.168472 0.179797 0.191541 0.203710 0.216313 0.229355 0.242844 0.256785 0.271183 0.286044 0.301373 0.317173 0.333450 0.350207 0.367448 0.385177 0.403397 0.422112 0.441324 0.461037 0.481253 0.501975 0.523206 0.544948 0.567204 0.589976 0.613267 0.637079 0.661414 
0.005721 0.011472 0.017283 0.023185 0.029205 0.035371 0.041710 0.048248 0.055007 0.062011 0.069281 0.076835 0.084693 0.092872 0.101387 0.110254 0.119485 0.129094 0.139093 0.149491 0.160300 0.171529 0.183186 0.195280 0.207818 0.220807 0.234253 0.248164 0.262544 0.277399 0.292734 0.308553 0.324861 0.341663 0.358961 0.376760 0.395064 0.413875 0.433197 0.453033 0.473385 0.494256 0.515650 0.537568 0.560014 0.582988 0.606495 0.630535 0.655112 0.680227 
0.005717 0.011466 0.017281 0.023194 0.029234 0.035431 0.041815 0.048411 0.055244 0.062339 0.069716 0.077396 0.085399 0.093741 0.102438 0.111506 0.120958 0.130806 0.141064 0.151740 0.162847 0.174391 0.186383 0.198831 0.211741 0.225120 0.238975 0.253312 0.268137 0.283454 0.299268 0.315585 0.332407 0.349740 0.367587 0.385952 0.404837 0.424247 0.444184 0.464651 0.485650 0.507185 0.529259 0.551872 0.575029 0.598730 0.622979 0.647777 0.673127 0.699031 
0.005691 0.011418 0.017215 0.023118 0.029160 0.035372 0.041783 0.048424 0.055319 0.062493 0.069969 0.077767 0.085907 0.094407 0.103282 0.112549 0.122219 0.132307 0.142823 0.153779 0.165184 0.177047 0.189377 0.202182 0.215468 0.229242 0.243511 0.258280 0.273555 0.289340 0.305640 0.322461 0.339805 0.357676 0.376079 0.395016 0.414491 0.434507 0.455067 0.476174 0.497829 0.520036 0.542797 0.566115 0.589991 0.614428 0.639428 0.664993 0.691125 0.717826 
0.005641 0.011320 0.017078 0.022949 0.028972 0.035179 0.041602 0.048272 0.055215 0.062458 0.070022 0.077931 0.086202 0.094855 0.103905 0.113367 0.123255 0.133581 0.144357 0.155593 0.167299 0.179484 0.192155 0.205321 0.218987 0.233162 0.247850 0.263057 0.278788 0.295048 0.311841 0.329173 0.347045 0.365463 0.384429 0.403948 0.424021 0.444651 0.465843 0.487597 0.509917 0.532805 0.556263 0.580294 0.604899 0.630081 0.655841 0.682182 0.709105 0.736612 
0.005563 0.011169 0.016860 0.022676 0.028657 0.034839 0.041256 0.047939 0.054917 0.062215 0.069859 0.077870 0.086266 0.095067 0.104288 0.113944 0.124048 0.134613 0.145650 0.157169 0.169178 0.181687 0.194704 0.208235 0.222288 0.236868 0.251981 0.267632 0.283827 0.300569 0.317863 0.335712 0.354122 0.373094 0.392632 0.412739 0.433419 0.454673 0.476505 0.498916 0.521910 0.545488 0.569652 0.594405 0.619749 0.645685 0.672215 0.699341 0.727065 0.755389 
0.005454 0.010956 0.016552 0.022286 0.028201 0.034336 0.040726 0.047405 0.054403 0.061747 0.069460 0.077564 0.086080 0.095024 0.104414 0.114262 0.124582 0.135387 0.146686 0.158489 0.170806 0.183644 0.197011 0.210913 0.225357 0.240349 0.255893 0.271996 0.288661 0.305893 0.323695 0.342071 0.361025 0.380560 0.400679 0.421385 0.442680 0.464568 0.487049 0.510127 0.533804 0.558082 0.582962 0.608447 0.634539 0.661239 0.688549 0.716470 0.745005 0.774155 
0.005310 0.010674 0.016142 0.021763 0.027585 0.033649 0.039992 0.046650 0.053654 0.061029 0.068802 0.076993 0.085622 0.094707 0.104262 0.114302 0.124839 0.135884 0.147448 0.159539 0.172167 0.185338 0.199061 0.213340 0.228182 0.243592 0.259576 0.276137 0.293280 0.311010 0.329329 0.348241 0.367749 0.387856 0.408565 0.429878 0.451799 0.474328 0.497469 0.521224 0.545594 0.570582 0.596188 0.622416 0.649266 0.676740 0.704841 0.733568 0.762924 0.792911 
0.005126 0.010311 0.015615 0.021091 0.026790 0.032756 0.039031 0.045650 0.052643 0.060039 0.067862 0.076133 0.084871 0.094092 0.103812 0.114043 0.124798 0.136086 0.147918 0.160302 0.173245 0.186756 0.200839 0.215502 0.230749 0.246585 0.263016 0.280044 0.297674 0.315910 0.334755 0.354211 0.374283 0.394972 0.416281 0.438212 0.460768 0.483950 0.507761 0.532203 0.557276 0.582984 0.609328 0.636309 0.663928 0.692188 0.721089 0.750633 0.780822 0.811656 
0.004894 0.009856 0.014953 0.020246 0.025790 0.031632 0.037816 0.044376 0.051345 0.058750 0.066615 0.074959 0.083802 0.093158 0.103042 0.113465 0.124439 0.135974 0.148078 0.160759 0.174024 0.187879 0.202331 0.217385 0.233044 0.249315 0.266201 0.283705 0.301831 0.320583 0.339963 0.359975 0.380619 0.401900 0.423819 0.446379 0.469580 0.493426 0.517918 0.543057 0.568846 0.595286 0.622377 0.650122 0.678522 0.707578 0.737292 0.767664 0.798696 0.830390 
0.004606 0.009292 0.014135 0.019204 0.024557 0.030246 0.036314 0.042797 0.049728 0.057131 0.065030 0.073443 0.082388 0.091878 0.101926 0.112544 0.123742 0.135527 0.147908 0.160892 0.174485 0.188693 0.203521 0.218973 0.235055 0.251768 0.269119 0.287108 0.305741 0.325019 0.344944 0.365520 0.386749 0.408633 0.431173 0.454371 0.478230 0.502751 0.527935 0.553784 0.580299 0.607481 0.635332 0.663853 0.693046 0.722910 0.753448 0.784660 0.816547 0.849111 
0.004251 0.008598 0.013132 0.017929 0.023054 0.028559 0.034489 0.040879 0.047758 0.055150 0.063077 0.071556 0.080601 0.090226 0.100442 0.111257 0.122682 0.134724 0.147389 0.160683 0.174612 0.189180 0.204393 0.220253 0.236765 0.253932 0.271756 0.290242 0.309391 0.329205 0.349688 0.370840 0.392664 0.415161 0.438334 0.462183 0.486711 0.511918 0.537806 0.564376 0.591629 0.619567 0.648190 0.677499 0.707496 0.738180 0.769555 0.801619 0.834374 0.867821 
0.003812 0.007746 0.011906 0.016381 0.021238 0.026531 0.032300 0.038580 0.045396 0.052771 0.060722 0.069265 0.078412 0.088174 0.098560 0.109579 0.121238 0.133542 0.146498 0.160111 0.174384 0.189322 0.204929 0.221207 0.238161 0.255791 0.274101 0.293093 0.312770 0.333132 0.354183 0.375923 0.398354 0.421477 0.445295 0.469807 0.495016 0.520922 0.547526 0.574830 0.602833 0.631539 0.660946 0.691056 0.721869 0.753387 0.785611 0.818540 0.852175 0.886518 
0.003266 0.006693 0.010409 0.014507 0.019057 0.024109 0.029698 0.035855 0.042601 0.049954 0.057929 0.066537 0.075789 0.085692 0.096255 0.107484 0.119384 0.131960 0.145216 0.159156 0.173784 0.189102 0.205114 0.221821 0.239227 0.257332 0.276139 0.295650 0.315866 0.336789 0.358420 0.380760 0.403811 0.427573 0.452047 0.477235 0.503138 0.529755 0.557089 0.585139 0.613907 0.643392 0.673597 0.704520 0.736164 0.768528 0.801614 0.835421 0.869950 0.905202 
0.002574 0.005380 0.008570 0.012238 0.016446 0.021233 0.026629 0.032655 0.039327 0.046658 0.054658 0.063336 0.072698 0.082750 0.093497 0.104945 0.117095 0.129952 0.143519 0.157798 0.172792 0.188501 0.204930 0.222078 0.239948 0.258540 0.277857 0.297899 0.318668 0.340164 0.362388 0.385341 0.409024 0.433438 0.458583 0.484460 0.511070 0.538412 0.566488 0.595299 0.624844 0.655123 0.686139 0.717890 0.750377 0.783601 0.817563 0.852261 0.887697 0.923872 
0.001664 0.003712 0.006297 0.009489 0.013327 0.017836 0.023031 0.028925 0.035525 0.042838 0.050869 0.059624 0.069105 0.079315 0.090258 0.101934 0.114346 0.127496 0.141386 0.156016 0.171387 0.187501 0.204359 0.221961 0.240308 0.259401 0.279241 0.299828 0.321162 0.343245 0.366076 0.389656 0.413986 0.439065 0.464894 0.491474 0.518805 0.546886 0.575719 0.605304 0.635640 0.666728 0.698568 0.731161 0.764506 0.798604 0.833455 0.869059 0.905416 0.942527 
